[MAP]
name = Milambers Place 1.2.5
players = 3
width = 700
height = 600

[STATIONS]
1, 40, 40, 1, 1
2, 260, 220, 0, 1
3, 650, 570, 1, 0
4, 130, 200, 0, 0
5, 330, 40, 0, 1
6, 440, 110, 1, 1
7, 90, 120, 0, 0
8, 170, 40, 0, 0
9, 160, 270, 1, 0
10, 50, 390, 0, 0
11, 230, 470, 0, 0
12, 450, 460, 0, 0
13, 660, 330, 0, 1
14, 580, 360, 0, 0
15, 50, 550, 1, 0
16, 40, 270, 0, 1
17, 650, 180, 0, 0
18, 540, 250, 1, 0
20, 670, 35, 1, 0
21, 185, 135, 0, 0
22, 250, 380, 1, 1
23, 170, 440, 0, 0
24, 270, 300, 0, 0
25, 360, 400, 0, 0
26, 360, 190, 0, 0
27, 210, 570, 0, 0
28, 630, 450, 0, 0
29, 40, 180, 0, 0
30, 530, 170, 0, 0
31, 460, 570, 0, 0
32, 300, 110, 0, 0
33, 110, 500, 0, 1
34, 540, 30, 0, 0
35, 520, 400, 0, 1
36, 460, 310, 0, 0
37, 140, 360, 0, 0
38, 320, 465, 0, 0
39, 360, 305, 0, 0
40, 360, 540, 0, 1
41, 590, 115, 0, 0
42, 440, 220, 0, 0

[ROUTES]
ubahn, 1, 9, 7, 4
ubahn, 6, 20, 34 
ubahn, 9, 6, 2, 26
ubahn, 3, 22, 12, 25
ubahn, 3, 18, 28, 14
ubahn, 15, 22, 33, 23
ubahn, 18, 20, 30, 41

bus, 1, 5, 8
bus, 1, 16, 29
bus, 2, 6, 26
bus, 2, 16, 9
bus, 2, 22, 24
bus, 5, 2, 32
bus, 6, 13, 18
bus, 13, 35, 14
bus, 16, 33, 10
bus, 22, 40, 38
bus, 33, 40, 27
bus, 35, 40, 12

taxi, 1, 7
taxi, 1, 8
taxi, 1, 29
taxi, 2, 4
taxi, 2, 9
taxi, 2, 21
taxi, 2, 24
taxi, 2, 26
taxi, 2, 32
taxi, 2, 39
taxi, 3, 12
taxi, 3, 28
taxi, 3, 31
taxi, 3, 35
taxi, 4, 7
taxi, 4, 9
taxi, 4, 16
taxi, 4, 21
taxi, 4, 29
taxi, 5, 6
taxi, 5, 8
taxi, 5, 32
taxi, 5, 34
taxi, 6, 18
taxi, 6, 26
taxi, 6, 30
taxi, 6, 32
taxi, 6, 34
taxi, 6, 42
taxi, 7, 8
taxi, 7, 21
taxi, 7, 29
taxi, 8, 21
taxi, 8, 32
taxi, 9, 10
taxi, 9, 16
taxi, 9, 21
taxi, 9, 22
taxi, 9, 24
taxi, 9, 29
taxi, 9, 37
taxi, 10, 15
taxi, 10, 16
taxi, 10, 23
taxi, 10, 33
taxi, 10, 37
taxi, 11, 22
taxi, 11, 23
taxi, 11, 27
taxi, 11, 33
taxi, 11, 38
taxi, 11, 40
taxi, 12, 25
taxi, 12, 28
taxi, 12, 31
taxi, 12, 35
taxi, 12, 36
taxi, 12, 38
taxi, 12, 40
taxi, 13, 17
taxi, 13, 14
taxi, 13, 18
taxi, 13, 28
taxi, 13, 30
taxi, 14, 18
taxi, 14, 28
taxi, 14, 35
taxi, 14, 36
taxi, 15, 33
taxi, 15, 27
taxi, 16, 29
taxi, 16, 37
taxi, 17, 18
taxi, 17, 20
taxi, 17, 30
taxi, 17, 41
taxi, 18, 30
taxi, 18, 35
taxi, 18, 36
taxi, 18, 42
taxi, 20, 34
taxi, 20, 41
taxi, 21, 26
taxi, 21, 32
taxi, 22, 23
taxi, 22, 24
taxi, 22, 25
taxi, 22, 37
taxi, 22, 38
taxi, 22, 39
taxi, 23, 33
taxi, 23, 37
taxi, 24, 25
taxi, 24, 37
taxi, 24, 39
taxi, 25, 36
taxi, 25, 38
taxi, 25, 39
taxi, 26, 32
taxi, 26, 39
taxi, 26, 42
taxi, 27, 33
taxi, 27, 40
taxi, 28, 31
taxi, 28, 35
taxi, 30, 34
taxi, 30, 41
taxi, 30, 42
taxi, 31, 35
taxi, 31, 40
taxi, 33, 37
taxi, 34, 41
taxi, 35, 36
taxi, 36, 39
taxi, 36, 42
taxi, 38, 40
taxi, 39, 42

[AIMS]
1, 20
15, 20
20, 20
31, 20
39, 20