[MAP]
name = muehle
players = 2
width = 500
height = 500

[STATIONS]
1, 30, 30, 1,1
2, 30, 250, 0,0
3, 30, 470, 1,1
4, 110, 110, 0,1
5, 110, 250, 0,0
6, 110, 390, 0,1
7, 200, 200, 1,1
8, 200, 250, 0,0
9, 200, 300, 1,1
10, 250, 30, 0,0
11, 250, 110, 0,0
12, 250, 200, 0,0
13, 250, 300, 0,0
14, 250, 390, 0,0
15, 250, 470, 0,0
16, 300, 200, 1,1
17, 300, 250, 0,0
18, 300, 300, 1,1
19, 390, 110, 0,1
20, 390, 250, 0,0 
21, 390, 390, 0,1
22, 470, 30, 1,1
23, 470, 250, 0,0
24, 470, 470, 1,1

[ROUTES]
taxi, 1, 2
taxi, 2, 3
taxi, 4, 5 
taxi, 4, 6
taxi, 7, 8
taxi, 8, 9
taxi, 10, 11
taxi, 11, 12
taxi, 13, 14
taxi, 14, 15
taxi, 16, 17
taxi, 17, 18
taxi, 19, 20
taxi, 20, 21
taxi, 22, 23
taxi, 23, 24
taxi, 1, 10
taxi, 10, 22
taxi, 4, 11
taxi, 11, 19
taxi, 7, 12
taxi, 12, 16
taxi, 2, 5
taxi, 5, 8
taxi, 17, 20
taxi, 20, 23
taxi, 9, 13
taxi, 13, 18
taxi, 6, 14
taxi, 14, 21
taxi, 3, 15
taxi, 15, 24

bus, 1, 3
bus, 3, 24
bus, 24, 22
bus, 22, 1
bus, 4, 6
bus, 6, 21
bus, 21, 19
bus, 19, 4
bus, 7, 9
bus, 9, 18
bus, 18, 16
bus, 16, 7

ubahn, 1, 7, 4
ubahn, 3, 9, 6
ubahn, 18, 24, 21
ubahn, 22, 16, 19

[AIMS]
2, 5
5, 10
8, 5
10, 5
11, 10
12, 5
17, 5
20, 10
23, 5
13, 5
14, 10
15, 5